1.000000 1.000000 1.000000 1.000000 1.000000 1.000000 1.000000 1.000000 1.000000 1.000000 1.000000 1.000000 
1.000000 0.975170 0.952526 0.933948 0.920834 0.914068 0.914068 0.920834 0.933948 0.952526 0.975170 1.000000 
1.000000 0.947617 0.899954 0.860989 0.833584 0.819482 0.819482 0.833584 0.860989 0.899954 0.947617 1.000000 
1.000000 0.914311 0.836698 0.773695 0.729691 0.707159 0.707159 0.729691 0.773695 0.836698 0.914311 1.000000 
1.000000 0.871475 0.756047 0.663506 0.599637 0.567204 0.567204 0.599637 0.663506 0.756047 0.871475 1.000000 
1.000000 0.813786 0.649138 0.519932 0.432476 0.388642 0.388642 0.432476 0.519932 0.649138 0.813786 1.000000 
1.000000 0.732605 0.503098 0.329449 0.215485 0.159487 0.159487 0.215485 0.329449 0.503098 0.732605 1.000000 
1.000000 0.611602 0.297485 0.074090 -0.065723 -0.132463 -0.132463 -0.065723 0.074090 0.297485 0.611602 1.000000 
1.000000 0.414530 -0.002284 -0.269652 -0.425777 -0.497439 -0.497439 -0.425777 -0.269652 -0.002284 0.414530 1.000000 
1.000000 0.047307 -0.454366 -0.728642 -0.875121 -0.939325 -0.939325 -0.875121 -0.728642 -0.454366 0.047307 1.000000 
1.000000 0.227991 -0.135902 -0.318311 -0.410202 -0.449186 -0.449186 -0.410202 -0.318311 -0.135902 0.227991 1.000000 
1.000000 1.000000 1.000000 1.000000 1.000000 1.000000 1.000000 1.000000 1.000000 1.000000 1.000000 1.000000 
